pytorch_adam_16_mean_squared_error : 1.0229177474975586 
pytorch_adam_16_binary_crossentropy : 1.0499417781829834 
pytorch_adam_16_binary_crossentropy : 1.0219159126281738 
pytorch_adam_16_mean_squared_error : 1.0309247970581055 
pytorch_adam_16_mean_absolute_error : 1.0779666900634766 
pytorch_sgd_16_binary_crossentropy : 1.0689589977264404 
pytorch_sgd_16_mean_squared_error : 1.0439367294311523 
pytorch_sgd_16_mean_absolute_error : 1.040933609008789 
pytorch_rmsprop_16_binary_crossentropy : 1.037931203842163 
pytorch_rmsprop_16_mean_squared_error : 1.0849733352661133 
pytorch_rmsprop_16_mean_absolute_error : 1.0469391345977783 
