pytorch_adam_8_binary_crossentropy : 0.9999525547027588 
keras_adam_8_binary_crossentropy : 2.568291425704956 
pytorch_adam_16_binary_crossentropy : 1.0534117221832275 
keras_adam_16_binary_crossentropy : 2.6023218631744385 
pytorch_adam_32_binary_crossentropy : 1.2398591041564941 
keras_adam_32_binary_crossentropy : 2.7649009227752686 
pytorch_adam_8_mean_squared_error : 0.9968903064727783 
keras_adam_8_mean_squared_error : 2.4611833095550537 
pytorch_adam_16_mean_squared_error : 1.0949678421020508 
keras_adam_16_mean_squared_error : 2.4665420055389404 
pytorch_adam_32_mean_squared_error : 1.1742298603057861 
keras_adam_32_mean_squared_error : 2.6223316192626953 
pytorch_adam_8_mean_absolute_error : 1.0606818199157715 
keras_adam_8_mean_absolute_error : 2.6673805713653564 
pytorch_adam_16_mean_absolute_error : 1.0504703521728516 
keras_adam_16_mean_absolute_error : 2.5542800426483154 
pytorch_adam_32_mean_absolute_error : 1.224862813949585 
keras_adam_32_mean_absolute_error : 2.6523666381835938 
pytorch_sgd_8_binary_crossentropy : 0.8532905578613281 
keras_sgd_8_binary_crossentropy : 2.3468527793884277 
pytorch_sgd_16_binary_crossentropy : 0.9278275966644287 
keras_sgd_16_binary_crossentropy : 2.3550117015838623 
pytorch_sgd_32_binary_crossentropy : 1.0709552764892578 
keras_sgd_32_binary_crossentropy : 2.3895742893218994 
pytorch_sgd_8_mean_squared_error : 0.8492188453674316 
keras_sgd_8_mean_squared_error : 2.2600090503692627 
pytorch_sgd_16_mean_squared_error : 0.9149818420410156 
keras_sgd_16_mean_squared_error : 2.2762198448181152 
pytorch_sgd_32_mean_squared_error : 1.0349228382110596 
keras_sgd_32_mean_squared_error : 2.2837114334106445 
pytorch_sgd_8_mean_absolute_error : 0.8629357814788818 
keras_sgd_8_mean_absolute_error : 2.283029556274414 
pytorch_sgd_16_mean_absolute_error : 0.9159708023071289 
keras_sgd_16_mean_absolute_error : 2.2833151817321777 
pytorch_sgd_32_mean_absolute_error : 1.0619406700134277 
keras_sgd_32_mean_absolute_error : 2.3123319149017334 
pytorch_rmsprop_8_binary_crossentropy : 0.9508404731750488 
keras_rmsprop_8_binary_crossentropy : 2.60990571975708 
pytorch_rmsprop_16_binary_crossentropy : 0.9995884895324707 
keras_rmsprop_16_binary_crossentropy : 2.6273438930511475 
pytorch_rmsprop_32_binary_crossentropy : 1.1448533535003662 
keras_rmsprop_32_binary_crossentropy : 2.7203900814056396 
pytorch_rmsprop_8_mean_squared_error : 0.951951265335083 
keras_rmsprop_8_mean_squared_error : 2.4942257404327393 
pytorch_rmsprop_16_mean_squared_error : 1.009901762008667 
keras_rmsprop_16_mean_squared_error : 2.5979135036468506 
pytorch_rmsprop_32_mean_squared_error : 1.134002923965454 
keras_rmsprop_32_mean_squared_error : 2.5788893699645996 
pytorch_rmsprop_8_mean_absolute_error : 0.9298298358917236 
keras_rmsprop_8_mean_absolute_error : 2.5162718296051025 
pytorch_rmsprop_16_mean_absolute_error : 0.9908750057220459 
keras_rmsprop_16_mean_absolute_error : 2.557281494140625 
pytorch_rmsprop_32_mean_absolute_error : 1.1213459968566895 
keras_rmsprop_32_mean_absolute_error : 2.606325387954712 
